{
 "cells": [
  {
   "cell_type": "code",
   "execution_count": 1,
   "metadata": {},
   "outputs": [],
   "source": [
    "import pandas as pd\n",
    "import numpy as np\n",
    "import matplotlib.pyplot as plt\n",
    "from sklearn.decomposition import PCA\n",
    "from sklearn.preprocessing import StandardScaler"
   ]
  },
  {
   "cell_type": "code",
   "execution_count": 2,
   "metadata": {},
   "outputs": [],
   "source": [
    "columns_X = [\n",
    "    \"CB Rank (Company)\",\n",
    "    \"Number of Articles\",\n",
    "    \"Number of Founders\",\n",
    "    \"Number of Funding Rounds\",\n",
    "    \"Last Funding Amount Currency (in USD)\",\n",
    "    \"Last Equity Funding Amount Currency (in USD)\",\n",
    "    \"Total Equity Funding Amount Currency (in USD)\",\n",
    "    \"Total Funding Amount Currency (in USD)\",\n",
    "    \"Number of Lead Investors\",\n",
    "    \"Number of Investors\",\n",
    "    \"Number of Events\",\n",
    "    \"BuiltWith - Active Tech Count\",\n",
    "    \"G2 Stack - Total Products Active\",\n",
    "    \"minEstimatedRevenueRange\",\n",
    "    \"maxEstimatedRevenueRange\",\n",
    "    \"minNumberEmployees\",\n",
    "    \"maxNumberEmployees\",\n",
    "    \"isCompanyTypeForProfit\",\n",
    "    \"isCompanyPrivate\",\n",
    "    \"hasWebsite\",\n",
    "    \"hasTwitter\",\n",
    "    \"hasFacebook\",\n",
    "    \"hasLinkedIn\",\n",
    "    \"hasContactEmail\",\n",
    "    \"hasPhoneNumber\",\n",
    "    \"isOperating\"\n",
    "]\n",
    "\n",
    "X = pd.read_csv('.\\\\ETL-out.csv')\n",
    "for column in X.columns:\n",
    "    if (not column in columns_X ):\n",
    "        del X[column]"
   ]
  },
  {
   "cell_type": "code",
   "execution_count": 3,
   "metadata": {},
   "outputs": [],
   "source": [
    "columns_y = [\"isInTop100\"]\n",
    "\n",
    "y = pd.read_csv('.\\\\ETL-out.csv')\n",
    "for column in y.columns:\n",
    "    if (not column in columns_y ):\n",
    "        del y[column]"
   ]
  },
  {
   "cell_type": "code",
   "execution_count": 4,
   "metadata": {},
   "outputs": [
    {
     "data": {
      "text/plain": [
       "(229, 26)"
      ]
     },
     "execution_count": 4,
     "metadata": {},
     "output_type": "execute_result"
    }
   ],
   "source": [
    "X.shape"
   ]
  },
  {
   "cell_type": "code",
   "execution_count": 5,
   "metadata": {},
   "outputs": [
    {
     "data": {
      "text/html": [
       "<div>\n",
       "<style scoped>\n",
       "    .dataframe tbody tr th:only-of-type {\n",
       "        vertical-align: middle;\n",
       "    }\n",
       "\n",
       "    .dataframe tbody tr th {\n",
       "        vertical-align: top;\n",
       "    }\n",
       "\n",
       "    .dataframe thead th {\n",
       "        text-align: right;\n",
       "    }\n",
       "</style>\n",
       "<table border=\"1\" class=\"dataframe\">\n",
       "  <thead>\n",
       "    <tr style=\"text-align: right;\">\n",
       "      <th></th>\n",
       "      <th>CB Rank (Company)</th>\n",
       "      <th>Number of Articles</th>\n",
       "      <th>Number of Founders</th>\n",
       "      <th>Number of Funding Rounds</th>\n",
       "      <th>Last Funding Amount Currency (in USD)</th>\n",
       "      <th>Last Equity Funding Amount Currency (in USD)</th>\n",
       "      <th>Total Equity Funding Amount Currency (in USD)</th>\n",
       "      <th>Total Funding Amount Currency (in USD)</th>\n",
       "      <th>Number of Lead Investors</th>\n",
       "      <th>Number of Investors</th>\n",
       "      <th>...</th>\n",
       "      <th>maxNumberEmployees</th>\n",
       "      <th>isCompanyTypeForProfit</th>\n",
       "      <th>isCompanyPrivate</th>\n",
       "      <th>hasWebsite</th>\n",
       "      <th>hasTwitter</th>\n",
       "      <th>hasFacebook</th>\n",
       "      <th>hasLinkedIn</th>\n",
       "      <th>hasContactEmail</th>\n",
       "      <th>hasPhoneNumber</th>\n",
       "      <th>isOperating</th>\n",
       "    </tr>\n",
       "  </thead>\n",
       "  <tbody>\n",
       "    <tr>\n",
       "      <th>0</th>\n",
       "      <td>1.457</td>\n",
       "      <td>8.0</td>\n",
       "      <td>5.0</td>\n",
       "      <td>7</td>\n",
       "      <td>35000000</td>\n",
       "      <td>35000000.0</td>\n",
       "      <td>57649998.0</td>\n",
       "      <td>58174998</td>\n",
       "      <td>3.0</td>\n",
       "      <td>12.0</td>\n",
       "      <td>...</td>\n",
       "      <td>250.0</td>\n",
       "      <td>1.0</td>\n",
       "      <td>1.0</td>\n",
       "      <td>1.0</td>\n",
       "      <td>1.0</td>\n",
       "      <td>1.0</td>\n",
       "      <td>1.0</td>\n",
       "      <td>1.0</td>\n",
       "      <td>0.0</td>\n",
       "      <td>1.0</td>\n",
       "    </tr>\n",
       "    <tr>\n",
       "      <th>1</th>\n",
       "      <td>2.462</td>\n",
       "      <td>7.0</td>\n",
       "      <td>2.0</td>\n",
       "      <td>3</td>\n",
       "      <td>6000000</td>\n",
       "      <td>6000000.0</td>\n",
       "      <td>8540000.0</td>\n",
       "      <td>8540000</td>\n",
       "      <td>1.0</td>\n",
       "      <td>6.0</td>\n",
       "      <td>...</td>\n",
       "      <td>5000.0</td>\n",
       "      <td>1.0</td>\n",
       "      <td>1.0</td>\n",
       "      <td>1.0</td>\n",
       "      <td>0.0</td>\n",
       "      <td>1.0</td>\n",
       "      <td>0.0</td>\n",
       "      <td>0.0</td>\n",
       "      <td>0.0</td>\n",
       "      <td>1.0</td>\n",
       "    </tr>\n",
       "    <tr>\n",
       "      <th>2</th>\n",
       "      <td>3.109</td>\n",
       "      <td>12.0</td>\n",
       "      <td>4.0</td>\n",
       "      <td>2</td>\n",
       "      <td>2100000</td>\n",
       "      <td>2100000.0</td>\n",
       "      <td>2100000.0</td>\n",
       "      <td>2100000</td>\n",
       "      <td>1.0</td>\n",
       "      <td>13.0</td>\n",
       "      <td>...</td>\n",
       "      <td>5000.0</td>\n",
       "      <td>1.0</td>\n",
       "      <td>1.0</td>\n",
       "      <td>1.0</td>\n",
       "      <td>1.0</td>\n",
       "      <td>1.0</td>\n",
       "      <td>1.0</td>\n",
       "      <td>1.0</td>\n",
       "      <td>0.0</td>\n",
       "      <td>1.0</td>\n",
       "    </tr>\n",
       "    <tr>\n",
       "      <th>3</th>\n",
       "      <td>3.449</td>\n",
       "      <td>4.0</td>\n",
       "      <td>2.0</td>\n",
       "      <td>12</td>\n",
       "      <td>6500000</td>\n",
       "      <td>6500000.0</td>\n",
       "      <td>10550000.0</td>\n",
       "      <td>29092905</td>\n",
       "      <td>3.0</td>\n",
       "      <td>5.0</td>\n",
       "      <td>...</td>\n",
       "      <td>100.0</td>\n",
       "      <td>1.0</td>\n",
       "      <td>1.0</td>\n",
       "      <td>1.0</td>\n",
       "      <td>1.0</td>\n",
       "      <td>1.0</td>\n",
       "      <td>1.0</td>\n",
       "      <td>1.0</td>\n",
       "      <td>1.0</td>\n",
       "      <td>1.0</td>\n",
       "    </tr>\n",
       "    <tr>\n",
       "      <th>4</th>\n",
       "      <td>3.607</td>\n",
       "      <td>2.0</td>\n",
       "      <td>4.0</td>\n",
       "      <td>4</td>\n",
       "      <td>1200000</td>\n",
       "      <td>1200000.0</td>\n",
       "      <td>2065000.0</td>\n",
       "      <td>2105000</td>\n",
       "      <td>1.0</td>\n",
       "      <td>7.0</td>\n",
       "      <td>...</td>\n",
       "      <td>100.0</td>\n",
       "      <td>1.0</td>\n",
       "      <td>1.0</td>\n",
       "      <td>1.0</td>\n",
       "      <td>1.0</td>\n",
       "      <td>1.0</td>\n",
       "      <td>1.0</td>\n",
       "      <td>1.0</td>\n",
       "      <td>0.0</td>\n",
       "      <td>1.0</td>\n",
       "    </tr>\n",
       "  </tbody>\n",
       "</table>\n",
       "<p>5 rows × 26 columns</p>\n",
       "</div>"
      ],
      "text/plain": [
       "   CB Rank (Company)  Number of Articles  Number of Founders  \\\n",
       "0              1.457                 8.0                 5.0   \n",
       "1              2.462                 7.0                 2.0   \n",
       "2              3.109                12.0                 4.0   \n",
       "3              3.449                 4.0                 2.0   \n",
       "4              3.607                 2.0                 4.0   \n",
       "\n",
       "   Number of Funding Rounds  Last Funding Amount Currency (in USD)  \\\n",
       "0                         7                               35000000   \n",
       "1                         3                                6000000   \n",
       "2                         2                                2100000   \n",
       "3                        12                                6500000   \n",
       "4                         4                                1200000   \n",
       "\n",
       "   Last Equity Funding Amount Currency (in USD)  \\\n",
       "0                                    35000000.0   \n",
       "1                                     6000000.0   \n",
       "2                                     2100000.0   \n",
       "3                                     6500000.0   \n",
       "4                                     1200000.0   \n",
       "\n",
       "   Total Equity Funding Amount Currency (in USD)  \\\n",
       "0                                     57649998.0   \n",
       "1                                      8540000.0   \n",
       "2                                      2100000.0   \n",
       "3                                     10550000.0   \n",
       "4                                      2065000.0   \n",
       "\n",
       "   Total Funding Amount Currency (in USD)  Number of Lead Investors  \\\n",
       "0                                58174998                       3.0   \n",
       "1                                 8540000                       1.0   \n",
       "2                                 2100000                       1.0   \n",
       "3                                29092905                       3.0   \n",
       "4                                 2105000                       1.0   \n",
       "\n",
       "   Number of Investors  ...  maxNumberEmployees  isCompanyTypeForProfit  \\\n",
       "0                 12.0  ...               250.0                     1.0   \n",
       "1                  6.0  ...              5000.0                     1.0   \n",
       "2                 13.0  ...              5000.0                     1.0   \n",
       "3                  5.0  ...               100.0                     1.0   \n",
       "4                  7.0  ...               100.0                     1.0   \n",
       "\n",
       "   isCompanyPrivate  hasWebsite  hasTwitter  hasFacebook  hasLinkedIn  \\\n",
       "0               1.0         1.0         1.0          1.0          1.0   \n",
       "1               1.0         1.0         0.0          1.0          0.0   \n",
       "2               1.0         1.0         1.0          1.0          1.0   \n",
       "3               1.0         1.0         1.0          1.0          1.0   \n",
       "4               1.0         1.0         1.0          1.0          1.0   \n",
       "\n",
       "   hasContactEmail  hasPhoneNumber  isOperating  \n",
       "0              1.0             0.0          1.0  \n",
       "1              0.0             0.0          1.0  \n",
       "2              1.0             0.0          1.0  \n",
       "3              1.0             1.0          1.0  \n",
       "4              1.0             0.0          1.0  \n",
       "\n",
       "[5 rows x 26 columns]"
      ]
     },
     "execution_count": 5,
     "metadata": {},
     "output_type": "execute_result"
    }
   ],
   "source": [
    "X.head(5)"
   ]
  },
  {
   "cell_type": "code",
   "execution_count": 6,
   "metadata": {},
   "outputs": [
    {
     "data": {
      "text/plain": [
       "(229, 1)"
      ]
     },
     "execution_count": 6,
     "metadata": {},
     "output_type": "execute_result"
    }
   ],
   "source": [
    "y.shape"
   ]
  },
  {
   "cell_type": "code",
   "execution_count": 7,
   "metadata": {},
   "outputs": [
    {
     "name": "stdout",
     "output_type": "stream",
     "text": [
      "NumPy covariance matrix: \n",
      "[[ 1.00438596e+00 -2.11156754e-01 -1.43730342e-01 -3.32805283e-01\n",
      "  -8.02292062e-02 -8.22356536e-02 -9.65216552e-02 -1.03842498e-01\n",
      "  -3.56678802e-01 -2.78995262e-01 -1.14998906e-01 -4.02030028e-01\n",
      "  -1.62577893e-02 -7.78712116e-02 -6.93291065e-02 -1.06416093e-01\n",
      "  -8.02612925e-02  7.55587646e-02  4.46427110e-03 -3.16944405e-01\n",
      "   8.72646526e-02 -1.06679724e-01 -4.51783278e-01 -1.49436247e-01\n",
      "  -3.64969443e-02 -2.75104043e-01]\n",
      " [-2.11156754e-01  1.00438596e+00  1.53488870e-01  4.02691551e-01\n",
      "   4.45435834e-01  2.27045931e-01  6.63445049e-01  7.44253285e-01\n",
      "   5.94477664e-01  5.83520626e-01  2.41758771e-01  2.00728330e-01\n",
      "   3.31240551e-01 -2.06304928e-04 -2.10462872e-02  3.06203921e-01\n",
      "   2.74240177e-01  2.77653056e-02 -1.84637271e-01  5.53590647e-02\n",
      "   8.47168752e-02  8.11627232e-02  1.59254627e-01  7.56520474e-02\n",
      "  -1.03684613e-01  7.64099972e-02]\n",
      " [-1.43730342e-01  1.53488870e-01  1.00438596e+00  3.19939333e-01\n",
      "  -1.25668184e-01 -9.27451780e-02 -2.45826873e-03 -6.84368526e-02\n",
      "   1.99863524e-01  2.25113257e-01  2.07895829e-02  8.75087955e-02\n",
      "   1.05601788e-01 -4.14159466e-02 -7.73287015e-02 -6.27403460e-02\n",
      "  -8.02990417e-02  1.51365663e-01  1.03843118e-01  5.76233436e-02\n",
      "   2.11054805e-01  2.09531934e-01  2.07278034e-01  1.11403558e-01\n",
      "   6.39257887e-02 -8.28497474e-02]\n",
      " [-3.32805283e-01  4.02691551e-01  3.19939333e-01  1.00438596e+00\n",
      "  -1.35038609e-02  3.44298578e-02  2.36072558e-01  1.48542267e-01\n",
      "   5.29910611e-01  4.53790848e-01  3.19018752e-02  2.06035281e-01\n",
      "   2.61918662e-01 -2.33294400e-02 -2.61489162e-02 -1.35545812e-02\n",
      "  -2.18046654e-02  4.73362099e-02  9.39971600e-02  5.48601607e-02\n",
      "   1.60261965e-01  1.37305706e-01  1.59546492e-01  1.67002712e-01\n",
      "   5.47410693e-02  1.20446900e-01]\n",
      " [-8.02292062e-02  4.45435834e-01 -1.25668184e-01 -1.35038609e-02\n",
      "   1.00438596e+00  5.11685562e-01  3.83398125e-01  8.78702257e-01\n",
      "   1.86423210e-01  6.98844975e-02  5.85844798e-02  4.26720756e-02\n",
      "   9.74178611e-02  2.22437559e-02  2.06877891e-02  4.42479626e-01\n",
      "   5.92141597e-01  1.41283905e-02 -4.14302781e-01  2.09972284e-02\n",
      "   1.35968710e-02 -2.19744451e-02  1.70105625e-02 -4.81703063e-02\n",
      "  -1.34738394e-01  3.05219733e-02]\n",
      " [-8.22356536e-02  2.27045931e-01 -9.27451780e-02  3.44298578e-02\n",
      "   5.11685562e-01  1.00438596e+00  7.56602913e-01  5.34458019e-01\n",
      "   1.86906118e-01  1.42921824e-01  8.65749413e-03  1.54627158e-01\n",
      "   8.82804493e-02  1.74277119e-02  9.70266409e-03  2.85326301e-02\n",
      "   8.39642420e-03  1.47321196e-02 -1.64003588e-02  2.02140456e-02\n",
      "  -7.11943907e-02 -1.06019577e-01 -4.43293205e-02 -1.56033645e-01\n",
      "  -1.38715768e-01  2.98490380e-02]\n",
      " [-9.65216552e-02  6.63445049e-01 -2.45826873e-03  2.36072558e-01\n",
      "   3.83398125e-01  7.56602913e-01  1.00438596e+00  7.12536764e-01\n",
      "   4.70807892e-01  5.04023781e-01  1.07481507e-01  1.91782082e-01\n",
      "   2.59441813e-01  1.32084034e-02  3.77882412e-03  1.61482194e-01\n",
      "   3.43932755e-02  1.46943844e-02 -1.93865179e-03  1.96947423e-02\n",
      "  -4.70228145e-03 -3.46156827e-02  6.50280527e-03 -6.93100236e-02\n",
      "  -1.36600904e-01  2.87468686e-02]\n",
      " [-1.03842498e-01  7.44253285e-01 -6.84368526e-02  1.48542267e-01\n",
      "   8.78702257e-01  5.34458019e-01  7.12536764e-01  1.00438596e+00\n",
      "   4.19779461e-01  3.60026857e-01  1.20315043e-01  1.08570437e-01\n",
      "   2.26680889e-01  1.97387371e-02  1.50552420e-02  4.61909415e-01\n",
      "   5.03735370e-01  1.63441833e-02 -3.32359600e-01  2.33694832e-02\n",
      "   4.04747044e-02  3.75382988e-03  4.03583351e-02 -2.10377601e-02\n",
      "  -1.46618276e-01  3.38309934e-02]\n",
      " [-3.56678802e-01  5.94477664e-01  1.99863524e-01  5.29910611e-01\n",
      "   1.86423210e-01  1.86906118e-01  4.70807892e-01  4.19779461e-01\n",
      "   1.00438596e+00  6.75319399e-01  1.91956596e-02  2.69052586e-01\n",
      "   2.02712512e-01  5.60815119e-02  4.31619936e-02  1.48574673e-01\n",
      "   1.46906622e-01 -4.58529604e-02  3.87178775e-03  6.72031731e-02\n",
      "   2.67181610e-02  1.13383972e-01  2.39554335e-01  9.17678252e-02\n",
      "  -3.35118860e-02  5.08280657e-02]\n",
      " [-2.78995262e-01  5.83520626e-01  2.25113257e-01  4.53790848e-01\n",
      "   6.98844975e-02  1.42921824e-01  5.04023781e-01  3.60026857e-01\n",
      "   6.75319399e-01  1.00438596e+00  2.90016815e-02  2.54441860e-01\n",
      "   1.92326630e-01 -2.22614267e-03 -2.07375478e-02  1.29949053e-01\n",
      "   3.37254754e-02  2.36824014e-02  5.10207887e-02 -1.08926390e-01\n",
      "   5.16702934e-02  1.33775360e-01  1.88833975e-01  8.05070089e-02\n",
      "  -4.57361998e-02  4.57391454e-02]\n",
      " [-1.14998906e-01  2.41758771e-01  2.07895829e-02  3.19018752e-02\n",
      "   5.85844798e-02  8.65749413e-03  1.07481507e-01  1.20315043e-01\n",
      "   1.91956596e-02  2.90016815e-02  1.00438596e+00  1.30917534e-01\n",
      "  -2.22690214e-03 -2.90775195e-02 -2.51079962e-02  5.40236708e-02\n",
      "   4.11481220e-02  2.94404287e-02 -3.41930703e-01  3.81767290e-02\n",
      "   1.05336428e-01  1.08557344e-01  1.40924927e-01  1.04841094e-01\n",
      "   8.47584597e-02  5.46028944e-02]\n",
      " [-4.02030028e-01  2.00728330e-01  8.75087955e-02  2.06035281e-01\n",
      "   4.26720756e-02  1.54627158e-01  1.91782082e-01  1.08570437e-01\n",
      "   2.69052586e-01  2.54441860e-01  1.30917534e-01  1.00438596e+00\n",
      "   1.99979126e-01  1.16658159e-02  1.49698953e-02  6.63895702e-02\n",
      "   7.89430499e-04  9.85503251e-03  2.92667730e-02  1.93109404e-01\n",
      "   3.49932322e-02  1.32307200e-01  3.11550639e-01  1.49928311e-01\n",
      "   9.52829932e-02  1.89978975e-01]\n",
      " [-1.62577893e-02  3.31240551e-01  1.05601788e-01  2.61918662e-01\n",
      "   9.74178611e-02  8.82804493e-02  2.59441813e-01  2.26680889e-01\n",
      "   2.02712512e-01  1.92326630e-01 -2.22690214e-03  1.99979126e-01\n",
      "   1.00438596e+00  6.05379117e-02  5.05735677e-02  1.26503449e-01\n",
      "   1.22789260e-01  6.47740313e-02 -1.06026983e-02  8.39954018e-02\n",
      "   1.96393631e-01  1.01162058e-01 -3.89351246e-02  9.12643107e-02\n",
      "   1.23140736e-04  6.65793614e-02]\n",
      " [-7.78712116e-02 -2.06304928e-04 -4.14159466e-02 -2.33294400e-02\n",
      "   2.22437559e-02  1.74277119e-02  1.32084034e-02  1.97387371e-02\n",
      "   5.60815119e-02 -2.22614267e-03 -2.90775195e-02  1.16658159e-02\n",
      "   6.05379117e-02  1.00438596e+00  9.67199687e-01  2.91780022e-01\n",
      "   4.42367689e-01  1.35937177e-02  1.50894084e-02  1.81352211e-02\n",
      "  -5.10601173e-02 -4.04812548e-02  3.42839658e-02  5.42477250e-02\n",
      "  -9.11970043e-02  2.59381982e-02]\n",
      " [-6.93291065e-02 -2.10462872e-02 -7.73287015e-02 -2.61489162e-02\n",
      "   2.06877891e-02  9.70266409e-03  3.77882412e-03  1.50552420e-02\n",
      "   4.31619936e-02 -2.07375478e-02 -2.51079962e-02  1.49698953e-02\n",
      "   5.05735677e-02  9.67199687e-01  1.00438596e+00  3.17732345e-01\n",
      "   4.72687307e-01  1.15361002e-02  1.39074497e-02  1.55175477e-02\n",
      "  -2.61918251e-02 -5.19510351e-02  6.01003543e-02  4.65912854e-02\n",
      "  -1.11139775e-01  2.22172565e-02]\n",
      " [-1.06416093e-01  3.06203921e-01 -6.27403460e-02 -1.35545812e-02\n",
      "   4.42479626e-01  2.85326301e-02  1.61482194e-01  4.61909415e-01\n",
      "   1.48574673e-01  1.29949053e-01  5.40236708e-02  6.63895702e-02\n",
      "   1.26503449e-01  2.91780022e-01  3.17732345e-01  1.00438596e+00\n",
      "   8.55459689e-01  1.34183996e-02 -2.40669915e-01  6.63924566e-02\n",
      "   6.80874032e-02  3.32864458e-02  9.17348602e-02  8.33121881e-02\n",
      "  -4.18890780e-02  9.39851513e-02]\n",
      " [-8.02612925e-02  2.74240177e-01 -8.02990417e-02 -2.18046654e-02\n",
      "   5.92141597e-01  8.39642420e-03  3.43932755e-02  5.03735370e-01\n",
      "   1.46906622e-01  3.37254754e-02  4.11481220e-02  7.89430499e-04\n",
      "   1.22789260e-01  4.42367689e-01  4.72687307e-01  8.55459689e-01\n",
      "   1.00438596e+00  1.23096981e-02 -3.07544870e-01  3.00282202e-02\n",
      "   7.92640957e-02  5.43195329e-02  8.01960615e-02  5.76071872e-02\n",
      "  -9.64002154e-02  4.27162288e-02]\n",
      " [ 7.55587646e-02  2.77653056e-02  1.51365663e-01  4.73362099e-02\n",
      "   1.41283905e-02  1.47321196e-02  1.46943844e-02  1.63441833e-02\n",
      "  -4.58529604e-02  2.36824014e-02  2.94404287e-02  9.85503251e-03\n",
      "   6.47740313e-02  1.35937177e-02  1.15361002e-02  1.34183996e-02\n",
      "   1.23096981e-02  1.00438596e+00 -1.72889268e-02 -1.72889268e-02\n",
      "   1.42503618e-01  2.01017487e-01 -7.99571036e-02  1.47183709e-01\n",
      "   6.25320950e-02 -2.47277719e-02]\n",
      " [ 4.46427110e-03 -1.84637271e-01  1.03843118e-01  9.39971600e-02\n",
      "  -4.14302781e-01 -1.64003588e-02 -1.93865179e-03 -3.32359600e-01\n",
      "   3.87178775e-03  5.10207887e-02 -3.41930703e-01  2.92667730e-02\n",
      "  -1.06026983e-02  1.50894084e-02  1.39074497e-02 -2.40669915e-01\n",
      "  -3.07544870e-01 -1.72889268e-02  1.00438596e+00 -2.24193296e-02\n",
      "  -6.05257004e-02 -8.63843029e-02 -3.95120013e-02 -7.00768597e-02\n",
      "  -6.17517695e-02 -3.20656148e-02]\n",
      " [-3.16944405e-01  5.53590647e-02  5.76233436e-02  5.48601607e-02\n",
      "   2.09972284e-02  2.02140456e-02  1.96947423e-02  2.33694832e-02\n",
      "   6.72031731e-02 -1.08926390e-01  3.81767290e-02  1.93109404e-01\n",
      "   8.39954018e-02  1.81352211e-02  1.55175477e-02  6.63924566e-02\n",
      "   3.00282202e-02 -1.72889268e-02 -2.24193296e-02  1.00438596e+00\n",
      "   6.21325774e-02  1.21847332e-01  1.53003920e-01  1.64766080e-01\n",
      "   6.06824748e-02  1.14794901e-01]\n",
      " [ 8.72646526e-02  8.47168752e-02  2.11054805e-01  1.60261965e-01\n",
      "   1.35968710e-02 -7.11943907e-02 -4.70228145e-03  4.04747044e-02\n",
      "   2.67181610e-02  5.16702934e-02  1.05336428e-01  3.49932322e-02\n",
      "   1.96393631e-01 -5.10601173e-02 -2.61918251e-02  6.80874032e-02\n",
      "   7.92640957e-02  1.42503618e-01 -6.05257004e-02  6.21325774e-02\n",
      "   1.00438596e+00  4.21817566e-01  8.80388634e-02  1.33427433e-01\n",
      "   8.11908619e-02 -1.30426383e-01]\n",
      " [-1.06679724e-01  8.11627232e-02  2.09531934e-01  1.37305706e-01\n",
      "  -2.19744451e-02 -1.06019577e-01 -3.46156827e-02  3.75382988e-03\n",
      "   1.13383972e-01  1.33775360e-01  1.08557344e-01  1.32307200e-01\n",
      "   1.01162058e-01 -4.04812548e-02 -5.19510351e-02  3.32864458e-02\n",
      "   5.43195329e-02  2.01017487e-01 -8.63843029e-02  1.21847332e-01\n",
      "   4.21817566e-01  1.00438596e+00  2.29493658e-01  2.59153695e-01\n",
      "   1.88296610e-01 -2.42769961e-02]\n",
      " [-4.51783278e-01  1.59254627e-01  2.07278034e-01  1.59546492e-01\n",
      "   1.70105625e-02 -4.43293205e-02  6.50280527e-03  4.03583351e-02\n",
      "   2.39554335e-01  1.88833975e-01  1.40924927e-01  3.11550639e-01\n",
      "  -3.89351246e-02  3.42839658e-02  6.01003543e-02  9.17348602e-02\n",
      "   8.01960615e-02 -7.99571036e-02 -3.95120013e-02  1.53003920e-01\n",
      "   8.80388634e-02  2.29493658e-01  1.00438596e+00  2.14065062e-01\n",
      "   2.34731324e-01  2.18836373e-01]\n",
      " [-1.49436247e-01  7.56520474e-02  1.11403558e-01  1.67002712e-01\n",
      "  -4.81703063e-02 -1.56033645e-01 -6.93100236e-02 -2.10377601e-02\n",
      "   9.17678252e-02  8.05070089e-02  1.04841094e-01  1.49928311e-01\n",
      "   9.12643107e-02  5.42477250e-02  4.65912854e-02  8.33121881e-02\n",
      "   5.76071872e-02  1.47183709e-01 -7.00768597e-02  1.64766080e-01\n",
      "   1.33427433e-01  2.59153695e-01  2.14065062e-01  1.00438596e+00\n",
      "   4.55698270e-01  1.23696737e-01]\n",
      " [-3.64969443e-02 -1.03684613e-01  6.39257887e-02  5.47410693e-02\n",
      "  -1.34738394e-01 -1.38715768e-01 -1.36600904e-01 -1.46618276e-01\n",
      "  -3.35118860e-02 -4.57361998e-02  8.47584597e-02  9.52829932e-02\n",
      "   1.23140736e-04 -9.11970043e-02 -1.11139775e-01 -4.18890780e-02\n",
      "  -9.64002154e-02  6.25320950e-02 -6.17517695e-02  6.06824748e-02\n",
      "   8.11908619e-02  1.88296610e-01  2.34731324e-01  4.55698270e-01\n",
      "   1.00438596e+00  1.30570505e-01]\n",
      " [-2.75104043e-01  7.64099972e-02 -8.28497474e-02  1.20446900e-01\n",
      "   3.05219733e-02  2.98490380e-02  2.87468686e-02  3.38309934e-02\n",
      "   5.08280657e-02  4.57391454e-02  5.46028944e-02  1.89978975e-01\n",
      "   6.65793614e-02  2.59381982e-02  2.22172565e-02  9.39851513e-02\n",
      "   4.27162288e-02 -2.47277719e-02 -3.20656148e-02  1.14794901e-01\n",
      "  -1.30426383e-01 -2.42769961e-02  2.18836373e-01  1.23696737e-01\n",
      "   1.30570505e-01  1.00438596e+00]]\n"
     ]
    }
   ],
   "source": [
    "X_std = StandardScaler().fit_transform(X)\n",
    "print('NumPy covariance matrix: \\n%s' %np.cov(X_std.T))"
   ]
  },
  {
   "cell_type": "code",
   "execution_count": 8,
   "metadata": {},
   "outputs": [
    {
     "name": "stdout",
     "output_type": "stream",
     "text": [
      "Eigenvectors \n",
      "[[-1.75359657e-01 -2.22497369e-01 -1.55346717e-01  1.67807117e-01\n",
      "   3.45530708e-01 -6.82032912e-02 -1.71510046e-03  4.31490068e-03\n",
      "   4.99627238e-02  3.09313877e-02 -2.36229711e-01  3.46136650e-02\n",
      "  -8.27202558e-02 -2.01113353e-01 -1.65538884e-01 -5.62846988e-02\n",
      "  -9.57596533e-02 -3.82551831e-01 -5.76098513e-02  4.98794505e-02\n",
      "  -5.02716300e-01 -2.04614601e-01 -1.54525256e-01  2.90765376e-01\n",
      "   1.94787146e-01  5.28523501e-02]\n",
      " [ 3.73857895e-01  5.51072829e-02 -1.13041137e-01  3.51970160e-02\n",
      "   7.76206125e-02  1.42462161e-01 -5.87004664e-03 -8.11026756e-02\n",
      "   1.71508161e-01  5.33442839e-01 -8.41627309e-02 -3.62546293e-02\n",
      "  -1.47760857e-01  3.13286666e-01  2.85110269e-02  1.12918206e-01\n",
      "   3.29660458e-01  2.87943661e-01  2.12043332e-02 -2.93834468e-02\n",
      "  -2.53851116e-01 -2.10330154e-01 -1.60570937e-01  9.65355371e-02\n",
      "  -9.47216435e-02 -9.31152794e-02]\n",
      " [ 5.56929732e-02  2.78045063e-01  5.08915621e-02 -1.23398566e-02\n",
      "   2.70984312e-01  1.14177943e-01 -4.25656523e-03 -2.82634247e-02\n",
      "  -3.13912227e-02 -5.18929852e-02  2.07183602e-01 -5.78086175e-02\n",
      "   1.78805641e-01  3.00924260e-02  2.32844152e-01  1.81356874e-01\n",
      "  -4.98122375e-02  5.23451101e-02 -5.12921901e-01  4.39474384e-01\n",
      "   3.19592588e-02 -7.34873891e-02 -1.45866887e-01  8.32292529e-02\n",
      "   8.61361304e-02  3.95143916e-01]\n",
      " [ 1.95820877e-01  2.99753531e-01 -1.30239636e-02 -1.47870343e-01\n",
      "   1.51685777e-01  1.26699561e-01  1.24435996e-03  2.22359157e-02\n",
      "   8.68736682e-03 -5.04917463e-02 -6.37599566e-02  1.00612167e-01\n",
      "  -1.35796006e-01 -1.11479115e-01  1.04220300e-01  1.29197102e-01\n",
      "   2.76446468e-01 -3.48198439e-01 -2.08900285e-01 -1.83877214e-01\n",
      "  -2.81011119e-01  2.93841226e-01  4.95615095e-01 -2.07405876e-01\n",
      "   1.80283779e-02 -7.46528511e-02]\n",
      " [ 2.93953142e-01 -2.79102332e-01 -7.07109605e-02  2.36179238e-01\n",
      "  -1.07011357e-01 -2.35412880e-02  5.32331533e-01 -8.22867721e-02\n",
      "   2.69068190e-01 -6.48642287e-02  9.00022213e-02  1.18533766e-01\n",
      "   1.86099319e-01 -3.25620793e-01  3.32518077e-02  7.12886013e-03\n",
      "  -1.45444284e-01  2.56787898e-01 -1.27655945e-01  4.70433020e-02\n",
      "  -2.04566855e-01  2.30534761e-01  8.54311813e-02 -3.20111757e-03\n",
      "  -1.55642850e-01  7.39011312e-03]\n",
      " [ 2.14392711e-01 -1.28009216e-01 -2.89165597e-01 -6.25692559e-02\n",
      "  -1.28185852e-01 -4.61523529e-01 -2.80854039e-01 -4.06546480e-02\n",
      "   1.38109586e-01  4.55625280e-01  4.05336604e-02 -1.39806971e-01\n",
      "   2.34809232e-01 -5.38627353e-02 -8.78894100e-02 -5.07620022e-02\n",
      "  -1.38848501e-01 -2.72532129e-01 -2.05281271e-01  1.37339091e-02\n",
      "   1.99883968e-01  8.79269363e-02  1.24741121e-01 -1.07205712e-01\n",
      "   2.41117691e-02  1.12931999e-01]\n",
      " [ 3.26853659e-01 -2.31557933e-02 -2.95539528e-01 -9.46085877e-02\n",
      "   1.65954099e-02 -2.65261976e-01  4.69001870e-01  1.03936983e-01\n",
      "  -3.60347910e-01 -3.16391792e-01 -9.54090493e-02 -1.32491247e-01\n",
      "   4.25446583e-02  2.64696858e-01 -1.23157826e-01  2.25844361e-02\n",
      "   2.06381907e-01 -1.61673452e-01 -3.64557409e-02 -4.92086310e-02\n",
      "   1.28801843e-01 -2.27107528e-01 -7.02282481e-02 -8.23650680e-03\n",
      "   6.48451648e-02  3.02117288e-02]\n",
      " [ 3.84742200e-01 -1.87890191e-01 -1.47026998e-01  1.50842071e-01\n",
      "  -2.20682205e-02 -1.29143831e-02 -6.46188978e-01  3.08865304e-02\n",
      "  -1.03882976e-01 -4.85116742e-01 -1.32523905e-02  6.14709561e-02\n",
      "   8.52003335e-02 -4.80495218e-02 -2.60887519e-02  4.38176063e-02\n",
      "   7.54105921e-02  2.13309601e-01 -4.02726146e-02 -9.42781585e-03\n",
      "  -1.63960434e-01 -6.04761476e-03 -2.90176156e-02  3.84170149e-02\n",
      "  -8.93283147e-02 -2.76451058e-02]\n",
      " [ 3.07458977e-01  1.89763196e-01 -5.99602492e-02 -1.92586223e-01\n",
      "   6.89819118e-02  2.08811987e-01  1.00560967e-02 -1.47399596e-02\n",
      "   6.89401383e-02 -4.86003716e-02 -5.96219525e-02  1.88998876e-02\n",
      "   6.00448694e-02  2.93880375e-01 -7.42608257e-02  1.25319103e-01\n",
      "  -7.33363041e-01 -4.48482497e-02  1.60431607e-01 -1.43556099e-01\n",
      "  -9.14098241e-02  1.12755052e-01 -4.32410659e-02  5.60887671e-02\n",
      "   1.99784855e-01 -7.54916817e-02]\n",
      " [ 2.74986205e-01  2.11941470e-01 -1.12293607e-01 -1.81269379e-01\n",
      "   1.49284386e-01  2.26301577e-01 -3.67222857e-03 -1.33333469e-02\n",
      "   5.26511883e-03  6.68422710e-02 -1.80610340e-01 -4.81122672e-02\n",
      "   7.20688084e-02 -6.54334845e-01 -1.47969897e-02 -8.26698047e-02\n",
      "   1.11348182e-01  4.84176101e-02  2.45188920e-01 -8.32715604e-02\n",
      "   3.45393035e-01 -8.47522875e-02 -1.47367575e-01  1.52161179e-01\n",
      "   1.50483439e-01  6.84432961e-02]\n",
      " [ 8.96079702e-02  5.31036456e-02  6.54131501e-02  2.60575552e-01\n",
      "  -1.32801311e-01  6.28707171e-02 -2.78690031e-04  2.15990109e-03\n",
      "   1.77092868e-02 -4.98951150e-02 -8.41163823e-02 -6.55585522e-01\n",
      "  -3.65254906e-01 -1.75990572e-01  7.98287903e-02  6.21012169e-02\n",
      "  -2.36452447e-01 -1.29584557e-03 -1.41500360e-02  6.12309922e-02\n",
      "  -4.85245033e-02 -3.24901647e-01  1.93613799e-01 -2.60180537e-01\n",
      "  -8.07375094e-02  4.02341167e-02]\n",
      " [ 1.61421762e-01  2.17074079e-01  7.82293103e-02 -8.60081537e-02\n",
      "  -2.24509977e-01 -2.20050865e-01  8.79758303e-05  1.25349179e-02\n",
      "  -2.59503750e-02 -1.48427414e-02  1.26042612e-01 -5.38127529e-02\n",
      "  -1.14609089e-01  3.46427761e-02 -2.34624338e-03 -3.25812597e-01\n",
      "   7.66479727e-02  1.35148685e-02  4.16488760e-01  4.73361777e-01\n",
      "  -2.74240952e-01  1.56982053e-01  1.94933722e-01  2.53162790e-01\n",
      "   1.56051465e-01  2.10388893e-01]\n",
      " [ 1.65494845e-01  7.28325310e-02  3.37513597e-03 -4.74413902e-03\n",
      "   2.25883737e-01 -2.45692746e-01 -1.63256328e-03 -1.03994064e-02\n",
      "   2.51688142e-02 -2.26849593e-02 -1.75553507e-02  2.90323083e-01\n",
      "  -6.02041003e-01 -7.54952585e-02 -8.32874294e-02 -1.12273027e-01\n",
      "  -1.36783485e-01 -2.64138513e-02 -9.33388396e-02  2.70576426e-01\n",
      "   1.78774032e-01  1.68877168e-01 -3.14947347e-01 -2.37940271e-01\n",
      "  -1.84480750e-01 -1.75167721e-01]\n",
      " [ 7.81651343e-02 -2.15576826e-01  3.84454704e-01 -3.69268574e-01\n",
      "   1.38382150e-01 -1.66199102e-01  1.76918005e-03  6.51101205e-01\n",
      "   2.59534480e-01 -3.11505338e-02 -8.50119173e-02 -2.35527227e-01\n",
      "  -1.03165482e-02 -1.86503504e-02 -5.42093375e-02  6.43214044e-02\n",
      "   5.30835593e-02  1.30884220e-01 -8.60437479e-02 -5.63970325e-02\n",
      "  -6.02362227e-02  9.62633448e-02 -7.82419864e-02  4.19945708e-02\n",
      "   4.14506488e-02  3.08945183e-02]\n",
      " [ 7.57348292e-02 -2.26715851e-01  3.94474113e-01 -3.63502687e-01\n",
      "   1.33558089e-01 -1.57084305e-01 -1.72198169e-03 -7.10666363e-01\n",
      "  -9.84550255e-02 -7.18982964e-02 -6.66696855e-02 -2.32144945e-01\n",
      "  -1.25891047e-02 -1.85300698e-02 -6.40372082e-02  3.04751994e-02\n",
      "   4.57978902e-02  4.91481992e-02 -7.03110379e-02 -6.21179544e-02\n",
      "  -5.85155630e-02  7.72462546e-02 -3.16374129e-02  6.03021926e-02\n",
      "   2.48880452e-02 -2.93936797e-02]\n",
      " [ 2.34975390e-01 -2.43444492e-01  2.70049378e-01  8.44143242e-02\n",
      "   2.40045103e-02  1.70173328e-01 -4.95356855e-03 -8.88580199e-02\n",
      "   4.69837634e-01 -1.48380281e-01  2.79212108e-02  2.54111005e-01\n",
      "   2.94518617e-02  1.72872404e-01  4.44162000e-02 -8.86254314e-02\n",
      "   1.04794958e-01 -3.32295941e-01  1.27257797e-01  1.39850954e-01\n",
      "   2.47517272e-01 -3.54420427e-01  1.39855027e-01 -1.46180599e-01\n",
      "   1.61767929e-01  9.04802446e-02]\n",
      " [ 2.31306047e-01 -3.11296337e-01  3.23946235e-01  7.78318203e-02\n",
      "   6.44740966e-02  1.76937240e-01  8.57292357e-04  1.75069741e-01\n",
      "  -6.54292135e-01  3.48577156e-01  6.51481642e-02  1.92755607e-01\n",
      "   5.04222231e-02 -8.57669233e-02  4.02353695e-02 -5.40012231e-02\n",
      "  -1.32087707e-01 -5.36172935e-02  3.28129208e-02  8.48848923e-02\n",
      "  -4.07987900e-02 -6.48685640e-02  1.18724379e-01 -1.30135024e-01\n",
      "   1.99306355e-02  3.37382139e-02]\n",
      " [ 1.65781635e-02  5.26944492e-02  5.40141105e-02  1.59871580e-01\n",
      "   2.78537867e-01 -3.43192508e-01  1.56287493e-03  9.69840271e-03\n",
      "  -6.25461610e-03 -7.52833495e-03 -1.36833195e-01 -4.63507113e-02\n",
      "   2.07730220e-01  2.07567789e-02  7.33017538e-01 -1.06183012e-02\n",
      "  -4.49512693e-02 -1.21756333e-02  2.14799879e-01  8.19749925e-03\n",
      "   1.10702274e-02 -9.72257124e-03 -1.56140496e-02  4.89345235e-03\n",
      "   4.86268742e-02 -3.46134323e-01]\n",
      " [-1.16814782e-01  1.49870923e-01 -9.18798207e-02 -4.06752556e-01\n",
      "   1.30565530e-01 -1.76069895e-01  6.92347789e-04 -5.41156710e-03\n",
      "   3.05767387e-02 -1.98747906e-02  6.00547628e-02  2.38162977e-01\n",
      "   1.72085178e-01 -1.27881971e-01 -7.69578009e-02 -1.22487274e-01\n",
      "  -1.47697234e-01  2.36548438e-01  4.12612970e-02  4.88176863e-02\n",
      "  -2.29087438e-01 -5.37457096e-01  2.23115843e-01 -2.74585447e-01\n",
      "  -2.53297557e-01 -2.89981507e-02]\n",
      " [ 5.82711561e-02  1.11525057e-01  1.49152600e-01  3.47909972e-02\n",
      "  -2.31731938e-01 -2.92675080e-01 -6.22651919e-04  2.78308750e-04\n",
      "  -7.80356562e-03  1.57023457e-02  4.71525271e-01  1.74174859e-01\n",
      "  -1.51688790e-01 -2.19800967e-01 -3.36073278e-04  5.52282145e-01\n",
      "   1.21131011e-02 -7.38374482e-02  8.69108152e-02 -1.85688151e-01\n",
      "  -8.44550917e-02 -2.13349108e-01 -1.27844539e-01  1.02066081e-01\n",
      "   2.44067214e-01 -7.36173352e-02]\n",
      " [ 5.30926875e-02  1.30991700e-01  1.12661043e-01  2.77331040e-01\n",
      "   3.75936028e-01 -1.21139767e-01  3.04666588e-03  2.29257974e-02\n",
      "   9.45965030e-03  8.79791693e-03  2.84378402e-01 -4.67681402e-02\n",
      "  -7.07496863e-02  6.31797274e-02 -2.60816011e-01 -2.62777253e-01\n",
      "  -5.07213423e-02  1.99789053e-01 -1.70094319e-01 -1.98353540e-01\n",
      "   2.22678077e-01 -8.49912638e-02  3.88389217e-01  3.73123154e-01\n",
      "   8.42078161e-02 -1.99621695e-01]\n",
      " [ 6.59759364e-02  2.22879785e-01  1.83988015e-01  2.67775150e-01\n",
      "   2.15827157e-01 -1.16963366e-01 -6.30391175e-04 -2.63221275e-02\n",
      "   2.61931299e-02 -7.91432110e-03  1.93600986e-01 -8.16179027e-02\n",
      "   1.75142690e-01  3.75842360e-02 -1.15539439e-01 -2.50035529e-01\n",
      "   6.45432957e-02 -4.52760216e-02  1.89671877e-01 -3.77562298e-01\n",
      "  -1.80664774e-01  1.00207051e-01 -3.19141171e-01 -3.89687778e-01\n",
      "  -4.62428525e-02  3.78607552e-01]\n",
      " [ 1.21464559e-01  2.38844021e-01  2.27554084e-01 -4.47673785e-04\n",
      "  -2.56391191e-01  1.26658719e-01  7.79669922e-04  4.18519663e-02\n",
      "   9.48958858e-03 -1.90308377e-02  1.16696516e-01 -1.34000394e-01\n",
      "   2.90435558e-01 -7.16432050e-02 -1.36971917e-01 -2.42701519e-01\n",
      "   3.07335086e-02 -3.18264863e-01 -2.02849108e-01  1.28471249e-01\n",
      "  -1.21514592e-01 -8.90826842e-02 -2.78604119e-01  8.20655793e-02\n",
      "  -2.19274747e-01 -5.27904175e-01]\n",
      " [ 5.55260120e-02  2.11727808e-01  2.74275680e-01  1.78556281e-01\n",
      "  -1.70528408e-02 -1.77200571e-01 -5.12583555e-05  4.87148717e-03\n",
      "  -1.21712364e-02  1.19384305e-02 -3.92566950e-01  1.38677482e-01\n",
      "   9.35693856e-02  2.59076706e-02 -1.30649855e-01  3.11769266e-01\n",
      "  -6.95142771e-02 -1.31925632e-01  1.12482803e-01 -4.45318867e-03\n",
      "   1.08187840e-01 -2.63105051e-02  1.10789605e-01  2.97571864e-01\n",
      "  -5.57491958e-01  2.38769778e-01]\n",
      " [-3.69934347e-02  2.15263765e-01  1.84802908e-01  2.32541473e-01\n",
      "  -1.21635177e-01 -1.57148840e-01  1.29555876e-03 -2.47968457e-02\n",
      "  -1.27581876e-02  2.80533306e-02 -4.65031988e-01  1.16404909e-01\n",
      "   1.77250509e-01 -1.15961440e-02 -2.88846405e-01  9.57414882e-02\n",
      "   5.34899783e-02  2.67272583e-01 -1.32547943e-01  1.67595323e-01\n",
      "  -1.57335044e-02  4.45945649e-03  3.39574832e-02 -2.79459315e-01\n",
      "   4.97848857e-01 -1.47403901e-01]\n",
      " [ 7.01509142e-02  8.50337736e-02  1.16377772e-01 -5.87252276e-02\n",
      "  -3.80270708e-01 -8.25980630e-02  3.53459944e-04 -2.83206747e-03\n",
      "  -2.00989424e-02 -1.22125216e-02 -2.18994839e-01  2.22624296e-01\n",
      "  -2.11234239e-01 -2.13029138e-03  3.29352015e-01 -3.89202561e-01\n",
      "  -1.05451792e-01  5.63518363e-02 -3.72283227e-01 -3.72786203e-01\n",
      "  -4.16755352e-02 -1.59993439e-01 -7.50931719e-02  1.85591166e-01\n",
      "   9.96472016e-02  2.18088678e-01]]\n",
      "\n",
      "Eigenvalues \n",
      "[4.91224575e+00 3.02019222e+00 2.55029454e+00 1.96953617e+00\n",
      " 1.73985802e+00 1.25462161e+00 7.52221223e-04 3.13148443e-02\n",
      " 5.93802344e-02 7.91995058e-02 1.12701096e+00 1.09361171e+00\n",
      " 9.98722960e-01 2.34736452e-01 9.10885828e-01 8.51034462e-01\n",
      " 3.10062540e-01 3.49396411e-01 7.44955505e-01 7.33199559e-01\n",
      " 4.11593640e-01 6.45566067e-01 5.86902255e-01 4.85703356e-01\n",
      " 5.00954338e-01 5.12303937e-01]\n"
     ]
    }
   ],
   "source": [
    "cov_mat = np.cov(X_std.T)\n",
    "\n",
    "eig_vals, eig_vecs = np.linalg.eig(cov_mat)\n",
    "\n",
    "print('Eigenvectors \\n%s' %eig_vecs)\n",
    "print('\\nEigenvalues \\n%s' %eig_vals)"
   ]
  },
  {
   "cell_type": "code",
   "execution_count": 9,
   "metadata": {},
   "outputs": [
    {
     "name": "stdout",
